/([0-2][0-9]|3[0-1])\/(0[1-9]|1[0-2])\/20(0[5-9]|[1-9][0-9])
01/03/2005
01
03
05
22/10/2008
22
10
08
15/03/2012
15
03
12
29/01/2014
29
01
14
05/01/2016
05
01
16
15/01/2013
15
01
13
22/11/2009
22
11
09
21/01/2013
21
01
13
08/06/2012
08
06
12
03/06/2007
03
06
07
31/12/2006
31
12
06
13/02/2009
13
02
09
19/09/2018
19
09
18
30/06/2012
30
06
12
07/09/2009
07
09
09
04/08/2016
04
08
16
29/09/2010
29
09
10
25/10/2019
25
10
19
16/03/2005
16
03
05
12/12/2024
12
12
24
24/08/2014
24
08
14
12/03/2007
12
03
07
13/01/2016
13
01
16
17/08/2006
17
08
06
23/06/2008
23
06
08
11/05/2012
11
05
12
18/02/2017
18
02
17
07/09/2015
07
09
15
24/07/2007
24
07
07
12/01/2018
12
01
18
03/02/2014
03
02
14
13/06/2018
13
06
18
17/08/2012
17
08
12
23/06/2015
23
06
15
04/01/2015
04
01
15
10/06/2016
10
06
16
17/10/2005
17
10
05
15/12/2020
15
12
20
05/07/2019
05
07
19
23/06/2005
23
06
05
08/01/2009
08
01
09
25/10/2018
25
10
18
27/12/2005
27
12
05
18/07/2012
18
07
12
03/06/2012
03
06
12
21/11/2010
21
11
10
29/01/2014
29
01
14
30/04/2011
30
04
11
16/09/2010
16
09
10
08/03/2005
08
03
05
24/03/2014
24
03
14
18/05/2010
18
05
10
15/02/2016
15
02
16
23/02/2019
23
02
19
02/07/2011
02
07
11
29/06/2011
29
06
11
17/12/2006
17
12
06
12/04/2011
12
04
11
31/08/2013
31
08
13
05/11/2019
05
11
19
22/03/2016
22
03
16
09/08/2015
09
08
15
27/02/2020
27
02
20
04/03/2005
04
03
05
13/11/2018
13
11
18
18/05/2008
18
05
08
30/05/2007
30
05
07
30/10/2015
30
10
15
04/05/2007
04
05
07
07/07/2020
07
07
20
19/12/2018
19
12
18
27/11/2009
27
11
09
17/07/2005
17
07
05
22/04/2015
22
04
15
09/01/2019
09
01
19
13/02/2020
13
02
20
14/08/2018
14
08
18
20/12/2008
20
12
08
22/10/2014
22
10
14
24/02/2015
24
02
15
09/05/2011
09
05
11
30/02/2009
30
02
09
20/09/2014
20
09
14
00/08/2007
00
08
07
30/10/2006
30
10
06
23/12/2010
23
12
10
19/01/2016
19
01
16
26/10/2020
26
10
20
19/11/2013
19
11
13
01/12/2008
01
12
08
22/11/2014
22
11
14
27/03/2010
27
03
10
15/06/2016
15
06
16
10/12/2019
10
12
19
30/07/2005
30
07
05
31/04/2020
31
04
20
27/09/2010
27
09
10
20/06/2018
20
06
18
20/06/2019
20
06
19
25/07/2015
25
07
15
04/08/2015
04
08
15
03/08/2016
03
08
16
23/07/2009
23
07
09
02/03/2014
02
03
14
27/07/2013
27
07
13
24/12/2008
24
12
08
28/09/2010
28
09
10
04/06/2018
04
06
18
27/07/2011
27
07
11
16/04/2007
16
04
07
15/12/2013
15
12
13
24/08/2020
24
08
20
14/11/2019
14
11
19
21/06/2014
21
06
14
06/12/2014
06
12
14
03/03/2017
03
03
17
18/06/2014
18
06
14
23/02/2008
23
02
08
12/09/2014
12
09
14
25/10/2015
25
10
15
05/06/2008
05
06
08
06/12/2015
06
12
15
10/04/2010
10
04
10
02/07/2008
02
07
08
25/03/2020
25
03
20
20/06/2005
20
06
05
16/12/2007
16
12
07
28/03/2010
28
03
10
14/03/2008
14
03
08
26/06/2016
26
06
16
31/10/2011
31
10
11
27/05/2019
27
05
19
09/12/2020
09
12
20
16/01/2007
16
01
07
05/04/2006
05
04
06
02/08/2017
02
08
17
04/01/2019
04
01
19
14/09/2006
14
09
06
27/05/2020
27
05
20
18/11/2019
18
11
19
18/05/2018
18
05
18
01/10/2020
01
10
20
30/09/2020
30
09
20
10/08/2008
10
08
08
17/07/2007
17
07
07
31/06/2018
31
06
18
14/10/2019
14
10
19
01/12/2008
01
12
08
11/07/2017
11
07
17
21/11/2007
21
11
07
13/12/2013
13
12
13
13/10/2008
13
10
08
06/12/2005
06
12
05
17/08/2013
17
08
13
20/08/2018
20
08
18
02/01/2006
02
01
06
27/07/2017
27
07
17
06/05/2015
06
05
15
24/05/2016
24
05
16
22/07/2009
22
07
09
24/12/2016
24
12
16
09/11/2016
09
11
16
23/11/2011
23
11
11
14/08/2020
14
08
20
19/10/2014
19
10
14
11/12/2009
11
12
09
20/06/2012
20
06
12
12/02/2005
12
02
05
31/01/2013
31
01
13
22/09/2010
22
09
10
11/01/2016
11
01
16
07/05/2018
07
05
18
30/06/2011
30
06
11
01/06/2018
01
06
18
13/09/2013
13
09
13
07/11/2008
07
11
08
15/01/2014
15
01
14
20/06/2020
20
06
20
11/10/2006
11
10
06
07/05/2010
07
05
10
29/10/2019
29
10
19
02/07/2008
02
07
08
24/07/2008
24
07
08
24/09/2008
24
09
08
05/02/2008
05
02
08
15/08/2017
15
08
17
11/10/2013
11
10
13
21/04/2015
21
04
15
25/09/2005
25
09
05
08/09/2009
08
09
09
28/02/2013
28
02
13
02/07/2019
02
07
19
27/03/2013
27
03
13
15/12/2016
15
12
16
01/12/2017
01
12
17
08/04/2020
08
04
20
29/09/2019
29
09
19
03/09/2016
03
09
16
09/06/2020
09
06
20
11/10/2005
11
10
05
21/03/2015
21
03
15
04/06/2013
04
06
13
17/12/2008
17
12
08
28/01/2015
28
01
15
11/11/2014
11
11
14
14/12/2005
14
12
05
18/02/2017
18
02
17
31/01/2007
31
01
07
21/06/2011
21
06
11
10/03/2013
10
03
13
28/07/2007
28
07
07
23/01/2015
23
01
15
25/07/2008
25
07
08
18/03/2018
18
03
18
15/02/2017
15
02
17
17/07/2017
17
07
17
11/06/2011
11
06
11
10/02/2017
10
02
17
30/06/2017
30
06
17
16/04/2005
16
04
05
07/03/2005
07
03
05
27/03/2018
27
03
18
06/04/2009
06
04
09
22/07/2016
22
07
16
01/01/2015
01
01
15
26/11/2009
26
11
09
19/12/2009
19
12
09
19/01/2013
19
01
13
13/07/2016
13
07
16
20/02/2009
20
02
09
05/05/2019
05
05
19
09/09/2017
09
09
17
01/02/2011
01
02
11
06/02/2006
06
02
06
11/11/2019
11
11
19
21/08/2018
21
08
18
28/05/2013
28
05
13
19/08/2017
19
08
17
11/11/2006
11
11
06
06/10/2013
06
10
13
30/05/2018
30
05
18
14/08/2011
14
08
11
13/10/2018
13
10
18
11/07/2016
11
07
16
15/07/2019
15
07
19
05/12/2012
05
12
12
25/04/2006
25
04
06
02/12/2020
02
12
20
30/06/2013
30
06
13
24/03/2017
24
03
17
25/01/2016
25
01
16
27/03/2018
27
03
18
06/07/2008
06
07
08
01/09/2006
01
09
06
15/07/2013
15
07
13
21/07/2014
21
07
14
21/03/2016
21
03
16
07/12/2013
07
12
13
19/02/2008
19
02
08
31/01/2005
31
01
05
23/04/2017
23
04
17
22/07/2020
22
07
20
11/03/2006
11
03
06
19/10/2009
19
10
09
10/09/2014
10
09
14
